AC_Gilchrist 80.0 1385.0 594.0 90.0 5239.0 2218.0 396.0 1080.0 433.0 42.0
VVS_Laxman 20.0 187.0 91.0 4.0 607.0 237.0 4.0 191.0 70.0 10.0
S_Sreesanth 12.0 0.0 0.0 34.0 0.0 0.0 110.0 0.0 0.0 57.0
IK_Pathan 81.0 92.0 323.0 733.0 322.0 781.0 2425.0 69.0 362.0 551.0
HH_Gibbs 36.0 447.0 342.0 97.0 1633.0 976.0 331.0 437.0 335.0 65.0
VRV_Singh 2.0 0.0 0.0 4.0 0.0 0.0 16.0 0.0 0.0 3.0
PP_Chawla 64.0 15.0 91.0 407.0 53.0 253.0 1311.0 13.0 108.0 340.0
RG_Sharma 137.0 615.0 1741.0 1518.0 2261.0 4939.0 5828.0 565.0 1551.0 880.0
Shahid_Afridi 9.0 43.0 16.0 22.0 201.0 58.0 106.0 18.0 16.0 12.0
Gagandeep_Singh 0.0 0.0 0.0 0.0 0.0 0.0 0.0 0.0 0.0 0.0
Y_Venugopal_Rao 52.0 76.0 439.0 470.0 218.0 1285.0 1648.0 102.0 439.0 324.0
SB_Bangar 7.0 0.0 10.0 39.0 0.0 10.0 143.0 0.0 25.0 33.0
DNT_Zoysa 2.0 0.0 0.0 11.0 0.0 0.0 27.0 0.0 0.0 9.0
D_Kalyankrishna 1.0 0.0 0.0 3.0 0.0 0.0 3.0 0.0 0.0 8.0
RP_Singh 28.0 0.0 2.0 50.0 0.0 2.0 114.0 0.0 6.0 72.0
SE_Marsh 61.0 667.0 1171.0 387.0 2133.0 3909.0 1405.0 658.0 819.0 238.0
RR_Sarwan 4.0 45.0 28.0 0.0 147.0 40.0 0.0 43.0 35.0 0.0
KC_Sangakkara 68.0 522.0 861.0 304.0 1742.0 2285.0 1022.0 468.0 765.0 191.0
Yuvraj_Singh 105.0 175.0 1204.0 960.0 605.0 4070.0 3978.0 178.0 1092.0 592.0
DPMD_Jayawardene 78.0 611.0 743.0 454.0 2151.0 2045.0 1442.0 521.0 692.0 309.0
M_Vijay 99.0 1494.0 821.0 196.0 5070.0 2599.0 788.0 1338.0 641.0 113.0
MEK_Hussey 58.0 828.0 791.0 358.0 2686.0 2147.0 1338.0 791.0 664.0 193.0
P_Kumar 55.0 6.0 29.0 297.0 20.0 131.0 1003.0 8.0 34.0 272.0
RJ_Harris 21.0 0.0 9.0 108.0 0.0 9.0 308.0 0.0 19.0 93.0
SK_Raina 143.0 1147.0 2061.0 898.0 4347.0 6341.0 3086.0 883.0 1622.0 554.0
MS_Dhoni 128.0 28.0 1005.0 2237.0 88.0 2613.0 8129.0 34.0 1018.0 1367.0
Azhar_Mahmood 21.0 22.0 203.0 163.0 88.0 619.0 577.0 24.0 171.0 116.0
DJ_Bravo 81.0 123.0 391.0 748.0 463.0 1051.0 2628.0 116.0 439.0 477.0
P_Awana 5.0 0.0 0.0 5.0 0.0 0.0 5.0 0.0 0.0 14.0
RA_Jadeja 98.0 45.0 676.0 853.0 161.0 1936.0 2661.0 39.0 641.0 660.0
DJ_Hussey 61.0 134.0 682.0 506.0 480.0 1908.0 1970.0 119.0 670.0 312.0
JA_Morkel 67.0 18.0 258.0 699.0 54.0 920.0 2499.0 14.0 218.0 480.0
S_Anirudha 12.0 26.0 25.0 85.0 86.0 67.0 315.0 30.0 26.0 65.0
R_Ashwin 36.0 12.0 56.0 163.0 36.0 110.0 437.0 24.0 61.0 161.0
Mandeep_Singh 48.0 456.0 327.0 141.0 1484.0 969.0 399.0 401.0 252.0 107.0
BW_Hilfenhaus 0.0 0.0 0.0 0.0 0.0 0.0 0.0 0.0 0.0 0.0
N_Saini 10.0 80.0 47.0 13.0 222.0 107.0 39.0 86.0 46.0 11.0
SD_Chitnis 8.0 1.0 53.0 45.0 1.0 171.0 117.0 6.0 45.0 41.0
VY_Mahesh 5.0 0.0 1.0 14.0 0.0 1.0 18.0 0.0 3.0 25.0
AM_Rahane 89.0 1170.0 1001.0 504.0 3780.0 2539.0 1676.0 1081.0 860.0 333.0
SV_Samson 48.0 287.0 500.0 253.0 901.0 1496.0 897.0 315.0 406.0 169.0
Sandeep_Sharma 9.0 0.0 12.0 7.0 0.0 24.0 7.0 0.0 14.0 15.0
Anureet_Singh 6.0 0.0 2.0 16.0 0.0 2.0 46.0 0.0 6.0 25.0
SPD_Smith 47.0 177.0 530.0 534.0 589.0 1322.0 1874.0 130.0 467.0 336.0
KK_Nair 37.0 274.0 419.0 184.0 922.0 1195.0 666.0 239.0 342.0 119.0
AR_Patel 29.0 5.0 144.0 230.0 7.0 452.0 742.0 10.0 138.0 175.0
STR_Binny 49.0 10.0 350.0 328.0 24.0 1114.0 1092.0 19.0 298.0 225.0
Karanveer_Singh 4.0 0.0 4.0 8.0 0.0 6.0 20.0 0.0 7.0 10.0
MG_Johnson 24.0 0.0 4.0 127.0 0.0 6.0 411.0 0.0 13.0 127.0
DJ_Hooda 24.0 0.0 148.0 147.0 0.0 476.0 529.0 3.0 125.0 96.0
JP_Faulkner 39.0 14.0 47.0 412.0 38.0 131.0 1448.0 20.0 46.0 280.0
CH_Morris 20.0 0.0 42.0 243.0 0.0 180.0 873.0 0.0 30.0 148.0
TG_Southee 7.0 0.0 7.0 40.0 0.0 19.0 134.0 0.0 7.0 26.0
V_Sehwag 104.0 1593.0 1005.0 130.0 5857.0 3703.0 560.0 1160.0 604.0 69.0
WP_Saha 67.0 379.0 429.0 515.0 1439.0 1095.0 1789.0 283.0 430.0 312.0
GJ_Maxwell 42.0 158.0 564.0 197.0 590.0 2180.0 841.0 122.0 361.0 111.0
DS_Kulkarni 15.0 0.0 4.0 85.0 0.0 6.0 235.0 0.0 7.0 92.0
PV_Tambe 6.0 0.0 2.0 16.0 0.0 2.0 28.0 0.0 5.0 34.0
DA_Miller 60.0 48.0 670.0 762.0 176.0 1956.0 2976.0 59.0 576.0 418.0
GJ_Bailey 36.0 131.0 177.0 355.0 423.0 391.0 1221.0 131.0 200.0 221.0
RV_Uthappa 130.0 1415.0 1380.0 595.0 4685.0 4164.0 2243.0 1180.0 1194.0 347.0
AJ_Finch 51.0 571.0 492.0 241.0 1961.0 1616.0 809.0 520.0 392.0 168.0
AN_Ahmed 6.0 0.0 0.0 36.0 0.0 0.0 120.0 0.0 0.0 27.0
MK_Pandey 83.0 678.0 865.0 284.0 2170.0 2623.0 920.0 650.0 745.0 191.0
SL_Malinga 18.0 0.0 0.0 81.0 0.0 0.0 275.0 0.0 0.0 100.0
PP_Ojha 19.0 0.0 0.0 16.0 0.0 0.0 18.0 0.0 0.0 45.0
Harbhajan_Singh 75.0 57.0 103.0 623.0 185.0 369.0 2405.0 49.0 102.0 423.0
AD_Mathews 39.0 10.0 220.0 462.0 42.0 566.0 1538.0 17.0 236.0 318.0
AM_Nayar 50.0 65.0 232.0 375.0 201.0 602.0 1249.0 76.0 250.0 262.0
KW_Richardson 4.0 0.0 18.0 18.0 0.0 72.0 24.0 0.0 14.0 25.0
Parvez_Rasool 4.0 0.0 0.0 17.0 0.0 0.0 31.0 0.0 0.0 20.0
B_Kumar 31.0 0.0 0.0 154.0 0.0 0.0 450.0 0.0 0.0 156.0
DR_Smith 77.0 1095.0 825.0 226.0 4171.0 3121.0 874.0 919.0 580.0 146.0
SR_Tendulkar 78.0 1143.0 900.0 291.0 3671.0 2402.0 959.0 1035.0 815.0 194.0
AB_Dinda 15.0 0.0 0.0 19.0 0.0 0.0 33.0 0.0 0.0 42.0
KD_Karthik 121.0 339.0 1476.0 727.0 1107.0 4256.0 2415.0 345.0 1249.0 498.0
BAW_Mendis 3.0 0.0 0.0 3.0 0.0 0.0 3.0 0.0 0.0 6.0
AT_Rayudu 100.0 399.0 1075.0 851.0 1233.0 2979.0 3031.0 403.0 938.0 543.0
DJ_Jacobs 7.0 83.0 9.0 0.0 315.0 23.0 0.0 93.0 8.0 0.0
AL_Menaria 23.0 8.0 280.0 113.0 38.0 898.0 341.0 8.0 254.0 105.0
A_Singh 5.0 0.0 0.0 2.0 0.0 0.0 2.0 0.0 0.0 10.0
SR_Watson 91.0 786.0 1277.0 494.0 2770.0 4737.0 1946.0 704.0 899.0 266.0
SK_Warne 27.0 0.0 53.0 145.0 0.0 151.0 419.0 0.0 72.0 147.0
A_Symonds 36.0 72.0 527.0 375.0 228.0 1699.0 1321.0 86.0 443.0 252.0
KA_Pollard 96.0 9.0 530.0 1420.0 39.0 1828.0 5632.0 14.0 493.0 873.0
SK_Trivedi 14.0 0.0 0.0 42.0 0.0 0.0 116.0 0.0 0.0 61.0
J_Botha 28.0 45.0 177.0 187.0 153.0 439.0 521.0 54.0 161.0 149.0
R_Sathish 24.0 0.0 91.0 179.0 0.0 245.0 535.0 7.0 97.0 132.0
AG_Murtaza 3.0 0.0 0.0 10.0 0.0 0.0 22.0 0.0 0.0 14.0
R_Dravid 82.0 905.0 1006.0 263.0 2999.0 2602.0 923.0 855.0 893.0 170.0
MM_Patel 11.0 0.0 0.0 39.0 0.0 0.0 101.0 0.0 3.0 37.0
LRPL_Taylor 54.0 155.0 480.0 382.0 587.0 1390.0 1394.0 125.0 438.0 284.0
Salman_Butt 7.0 104.0 66.0 23.0 354.0 188.0 85.0 106.0 55.0 11.0
A_Chopra 6.0 27.0 24.0 2.0 75.0 64.0 2.0 41.0 31.0 3.0
GD_McGrath 2.0 0.0 0.0 4.0 0.0 0.0 16.0 0.0 0.0 5.0
PJ_Sangwan 9.0 0.0 4.0 18.0 0.0 4.0 36.0 0.0 10.0 22.0
SC_Ganguly 56.0 529.0 584.0 236.0 1771.0 1716.0 912.0 540.0 630.0 156.0
MF_Maharoof 14.0 0.0 40.0 137.0 0.0 140.0 483.0 0.0 32.0 92.0
A_Mishra 43.0 1.0 85.0 205.0 1.0 189.0 525.0 5.0 107.0 214.0
T_Taibu 3.0 0.0 17.0 14.0 0.0 45.0 32.0 0.0 14.0 12.0
LR_Shukla 33.0 2.0 150.0 253.0 2.0 460.0 859.0 5.0 157.0 196.0
Iqbal_Abdulla 12.0 0.0 9.0 74.0 0.0 9.0 222.0 0.0 15.0 64.0
G_Gambhir 130.0 1938.0 1332.0 364.0 6186.0 3458.0 1118.0 1645.0 1131.0 252.0
Shoaib_Akhtar 1.0 0.0 1.0 1.0 0.0 1.0 1.0 0.0 4.0 4.0
AB_de_Villiers 109.0 451.0 1458.0 1361.0 1553.0 4224.0 5489.0 393.0 1159.0 679.0
I_Sharma 14.0 0.0 5.0 32.0 0.0 17.0 80.0 0.0 3.0 43.0
MK_Tiwary 66.0 198.0 631.0 495.0 682.0 1679.0 1505.0 200.0 626.0 376.0
S_Dhawan 112.0 1533.0 1103.0 446.0 5001.0 3067.0 1468.0 1371.0 968.0 283.0
TM_Dilshan 50.0 488.0 426.0 239.0 1688.0 1176.0 809.0 456.0 424.0 167.0
DA_Warner 100.0 1673.0 1188.0 512.0 6139.0 3742.0 1988.0 1253.0 909.0 278.0
MC_Henriques 39.0 98.0 314.0 280.0 298.0 942.0 950.0 96.0 285.0 183.0
MJ_McClenaghan 7.0 0.0 28.0 19.0 0.0 130.0 91.0 0.0 17.0 12.0
EJG_Morgan 41.0 103.0 339.0 347.0 321.0 1027.0 1309.0 122.0 299.0 242.0
R_Vinay_Kumar 41.0 0.0 29.0 275.0 0.0 57.0 819.0 0.0 33.0 252.0
KL_Rahul 30.0 232.0 337.0 156.0 756.0 959.0 562.0 190.0 301.0 101.0
J_Suchith 5.0 0.0 2.0 46.0 0.0 2.0 164.0 0.0 7.0 26.0
HH_Pandya 17.0 18.0 18.0 120.0 54.0 22.0 486.0 37.0 26.0 71.0
NV_Ojha 88.0 494.0 523.0 457.0 1862.0 1701.0 1777.0 503.0 474.0 309.0
KV_Sharma 28.0 7.0 68.0 193.0 21.0 170.0 641.0 9.0 69.0 165.0
A_Ashish_Reddy 23.0 5.0 32.0 243.0 17.0 138.0 813.0 7.0 25.0 164.0
DW_Steyn 32.0 0.0 0.0 166.0 0.0 0.0 462.0 0.0 3.0 158.0
LMP_Simmons 22.0 455.0 412.0 75.0 1657.0 1376.0 277.0 395.0 313.0 54.0
PA_Patel 100.0 1213.0 610.0 104.0 3969.0 1694.0 292.0 1141.0 533.0 78.0
NM_Coulter-Nile 8.0 0.0 8.0 30.0 0.0 32.0 104.0 0.0 13.0 27.0
R_Dhawan 16.0 0.0 10.0 143.0 0.0 34.0 427.0 0.0 16.0 119.0
M_Vohra 32.0 436.0 255.0 37.0 1582.0 787.0 157.0 349.0 212.0 19.0
Gurkeerat_Singh 24.0 22.0 128.0 192.0 72.0 306.0 698.0 28.0 126.0 126.0
AP_Tare 24.0 208.0 59.0 54.0 734.0 199.0 204.0 189.0 42.0 29.0
PA_Reddy 10.0 103.0 42.0 19.0 279.0 80.0 75.0 110.0 48.0 9.0
A_Chandila 2.0 0.0 0.0 4.0 0.0 0.0 4.0 0.0 0.0 7.0
GH_Vihari 21.0 59.0 130.0 91.0 133.0 284.0 221.0 92.0 156.0 75.0
NLTC_Perera 30.0 20.0 103.0 301.0 68.0 341.0 1129.0 18.0 91.0 217.0
DJG_Sammy 20.0 8.0 106.0 181.0 32.0 304.0 715.0 6.0 107.0 138.0
KK_Cooper 12.0 7.0 30.0 79.0 37.0 118.0 325.0 2.0 24.0 44.0
IR_Jaggi 5.0 20.0 10.0 13.0 58.0 14.0 21.0 25.0 20.0 15.0
JDP_Oram 11.0 0.0 26.0 80.0 0.0 42.0 292.0 0.0 45.0 65.0
B_Chipli 21.0 55.0 113.0 112.0 175.0 317.0 372.0 79.0 108.0 69.0
JP_Duminy 73.0 222.0 746.0 1025.0 764.0 1800.0 3527.0 232.0 757.0 645.0
DT_Christian 22.0 2.0 103.0 236.0 2.0 215.0 772.0 4.0 127.0 168.0
DB_Ravi_Teja 25.0 53.0 123.0 199.0 145.0 333.0 641.0 60.0 113.0 152.0
AG_Paunikar 5.0 49.0 0.0 0.0 161.0 0.0 0.0 61.0 0.0 0.0
JEC_Franklin 16.0 79.0 117.0 131.0 237.0 293.0 411.0 96.0 122.0 91.0
BA_Bhatt 2.0 0.0 0.0 6.0 0.0 0.0 36.0 0.0 0.0 7.0
UT_Yadav 19.0 0.0 0.0 84.0 0.0 0.0 274.0 0.0 0.0 82.0
M_Morkel 20.0 0.0 1.0 125.0 0.0 1.0 429.0 0.0 2.0 91.0
AD_Russell 25.0 23.0 214.0 337.0 107.0 820.0 1379.0 10.0 135.0 205.0
SP_Narine 16.0 0.0 1.0 46.0 0.0 1.0 134.0 0.0 1.0 57.0
SA_Yadav 35.0 65.0 159.0 279.0 263.0 395.0 1005.0 54.0 160.0 176.0
YK_Pathan 122.0 321.0 1394.0 1064.0 1295.0 5060.0 3760.0 229.0 1026.0 698.0
RN_ten_Doeschate 21.0 6.0 95.0 225.0 18.0 307.0 793.0 7.0 77.0 154.0
B_Lee 19.0 0.0 9.0 115.0 0.0 39.0 429.0 0.0 5.0 97.0
JH_Kallis 95.0 1036.0 910.0 481.0 3388.0 2086.0 1627.0 1024.0 954.0 313.0
SP_Goswami 16.0 121.0 85.0 35.0 337.0 217.0 95.0 139.0 87.0 34.0
R_Bhatia 46.0 0.0 59.0 267.0 0.0 135.0 889.0 0.0 69.0 204.0
BJ_Hodge 63.0 148.0 495.0 757.0 502.0 1359.0 2519.0 169.0 497.0 487.0
OA_Shah 22.0 23.0 172.0 311.0 101.0 498.0 1075.0 18.0 173.0 214.0
BB_McCullum 92.0 1318.0 900.0 217.0 5076.0 2926.0 795.0 1097.0 731.0 126.0
AA_Chavan 3.0 0.0 1.0 11.0 0.0 1.0 35.0 0.0 3.0 8.0
DB_Das 22.0 58.0 112.0 134.0 226.0 464.0 394.0 55.0 96.0 116.0
MA_Agarwal 45.0 473.0 194.0 121.0 1751.0 556.0 489.0 420.0 182.0 61.0
SS_Iyer 20.0 226.0 217.0 26.0 768.0 845.0 68.0 243.0 145.0 18.0
MA_Starc 11.0 0.0 28.0 68.0 0.0 72.0 162.0 0.0 26.0 72.0
VR_Aaron 7.0 0.0 0.0 42.0 0.0 0.0 132.0 0.0 0.0 45.0
HV_Patel 12.0 0.0 0.0 47.0 0.0 0.0 167.0 0.0 0.0 38.0
D_Wiese 8.0 0.0 19.0 108.0 0.0 35.0 368.0 0.0 19.0 75.0
KM_Jadhav 44.0 3.0 161.0 462.0 5.0 391.0 1564.0 15.0 147.0 328.0
S_Nadeem 13.0 0.0 3.0 21.0 0.0 3.0 39.0 0.0 12.0 50.0
Imran_Tahir 5.0 0.0 4.0 14.0 0.0 16.0 40.0 0.0 4.0 19.0
DJ_Muthuswami 1.0 0.0 0.0 1.0 0.0 0.0 1.0 0.0 0.0 3.0
CH_Gayle 91.0 1669.0 1237.0 545.0 7041.0 5041.0 2465.0 1281.0 819.0 260.0
V_Kohli 131.0 1011.0 1910.0 1194.0 3221.0 5682.0 4518.0 986.0 1574.0 677.0
AM_Salvi 0.0 0.0 0.0 0.0 0.0 0.0 0.0 0.0 0.0 0.0
AB_Agarkar 18.0 20.0 23.0 136.0 94.0 49.0 372.0 15.0 39.0 106.0
JR_Hopes 19.0 167.0 166.0 84.0 607.0 512.0 260.0 138.0 117.0 59.0
Y_Nagar 20.0 2.0 82.0 201.0 2.0 170.0 671.0 3.0 108.0 160.0
I_Malhotra 1.0 0.0 0.0 7.0 0.0 0.0 19.0 0.0 0.0 4.0
TR_Birt 5.0 0.0 12.0 63.0 0.0 18.0 237.0 0.0 20.0 39.0
TL_Suman 39.0 185.0 292.0 199.0 653.0 900.0 667.0 185.0 253.0 149.0
RR_Raje 5.0 0.0 0.0 20.0 0.0 0.0 62.0 0.0 0.0 18.0
ST_Jayasuriya 30.0 514.0 254.0 0.0 2130.0 922.0 0.0 403.0 167.0 3.0
PR_Shah 9.0 30.0 34.0 28.0 108.0 96.0 72.0 34.0 36.0 27.0
Harmeet_Singh 4.0 0.0 0.0 18.0 0.0 0.0 58.0 0.0 0.0 12.0
Shoaib_Ahmed 3.0 0.0 0.0 1.0 0.0 0.0 1.0 0.0 0.0 6.0
SS_Tiwary 63.0 127.0 599.0 498.0 381.0 1757.0 1620.0 136.0 563.0 366.0
Z_Khan 24.0 0.0 4.0 109.0 0.0 4.0 315.0 3.0 12.0 113.0
SB_Joshi 2.0 0.0 4.0 2.0 0.0 4.0 2.0 0.0 9.0 7.0
Shoaib_Malik 5.0 17.0 27.0 8.0 53.0 47.0 20.0 14.0 27.0 8.0
W_Jaffer 8.0 77.0 53.0 0.0 225.0 181.0 0.0 95.0 34.0 0.0
Mohammad_Asif 2.0 0.0 1.0 2.0 0.0 1.0 2.0 0.0 2.0 4.0
DL_Vettori 16.0 0.0 42.0 79.0 0.0 122.0 205.0 0.0 44.0 74.0
MV_Boucher 23.0 22.0 82.0 290.0 64.0 184.0 984.0 24.0 106.0 188.0
PC_Valthaty 23.0 312.0 145.0 48.0 1174.0 535.0 168.0 290.0 115.0 27.0
MS_Gony 15.0 0.0 5.0 94.0 0.0 5.0 414.0 0.0 12.0 64.0
AD_Mascarenhas 11.0 4.0 13.0 62.0 16.0 15.0 156.0 2.0 25.0 52.0
Q_de_Kock 26.0 443.0 246.0 37.0 1589.0 812.0 111.0 360.0 182.0 24.0
CL_White 45.0 107.0 445.0 419.0 327.0 1259.0 1547.0 120.0 408.0 246.0
BB_Samantray 8.0 15.0 60.0 50.0 41.0 186.0 130.0 22.0 53.0 41.0
UBT_Chand 20.0 120.0 146.0 34.0 462.0 426.0 96.0 149.0 141.0 24.0
BMAJ_Mendis 3.0 1.0 19.0 3.0 1.0 25.0 5.0 2.0 22.0 3.0
A_Nehra 17.0 0.0 0.0 41.0 0.0 0.0 109.0 0.0 0.0 63.0
S_Sohal 20.0 279.0 85.0 4.0 1091.0 279.0 6.0 238.0 62.0 11.0
R_McLaren 13.0 12.0 66.0 81.0 26.0 126.0 227.0 19.0 80.0 79.0
VS_Malik 2.0 0.0 0.0 7.0 0.0 0.0 19.0 0.0 0.0 7.0
K_Goel 16.0 160.0 25.0 33.0 550.0 71.0 99.0 166.0 39.0 34.0
D_Salunkhe 3.0 0.0 7.0 26.0 0.0 19.0 78.0 0.0 6.0 18.0
Pankaj_Singh 5.0 0.0 0.0 7.0 0.0 0.0 9.0 0.0 0.0 12.0
WA_Mota 8.0 0.0 22.0 34.0 0.0 24.0 64.0 0.0 37.0 39.0
M_Kaif 22.0 22.0 126.0 111.0 70.0 316.0 369.0 39.0 141.0 78.0
Kamran_Akmal 6.0 51.0 35.0 42.0 207.0 167.0 158.0 41.0 15.0 22.0
DS_Lehmann 2.0 4.0 14.0 0.0 16.0 38.0 0.0 3.0 16.0 0.0
DE_Bollinger 4.0 0.0 0.0 21.0 0.0 0.0 65.0 0.0 0.0 23.0
Joginder_Sharma 5.0 0.0 0.0 36.0 0.0 0.0 114.0 0.0 0.0 30.0
S_Randiv 1.0 0.0 0.0 2.0 0.0 0.0 4.0 0.0 0.0 4.0
S_Badrinath 65.0 182.0 745.0 514.0 562.0 2137.0 1606.0 246.0 646.0 353.0
JJ_Bumrah 4.0 0.0 0.0 9.0 0.0 0.0 21.0 0.0 0.0 15.0
S_Aravind 4.0 0.0 0.0 27.0 0.0 0.0 87.0 0.0 0.0 19.0
YS_Chahal 2.0 0.0 0.0 2.0 0.0 0.0 2.0 0.0 0.0 3.0
AP_Dole 2.0 0.0 0.0 34.0 0.0 0.0 108.0 0.0 0.0 23.0
AA_Jhunjhunwala 15.0 24.0 111.0 82.0 78.0 293.0 256.0 36.0 115.0 67.0
MJ_Lumb 12.0 225.0 53.0 0.0 839.0 183.0 0.0 157.0 41.0 0.0
FY_Fazal 11.0 76.0 67.0 40.0 216.0 175.0 100.0 82.0 59.0 38.0
AC_Voges 7.0 7.0 72.0 102.0 19.0 176.0 304.0 9.0 62.0 72.0
AS_Raut 16.0 7.0 31.0 156.0 21.0 63.0 512.0 6.0 36.0 130.0
S_Tyagi 1.0 0.0 0.0 3.0 0.0 0.0 3.0 0.0 0.0 4.0
JM_Kemp 2.0 2.0 20.0 4.0 2.0 72.0 4.0 3.0 13.0 9.0
SB_Jakati 5.0 0.0 0.0 28.0 0.0 0.0 66.0 0.0 0.0 30.0
ML_Hayden 32.0 599.0 397.0 111.0 2221.0 1357.0 409.0 482.0 294.0 63.0
RR_Powar 9.0 0.0 0.0 67.0 0.0 0.0 183.0 0.0 2.0 62.0
J_Theron 4.0 0.0 0.0 10.0 0.0 0.0 22.0 0.0 0.0 13.0
M_Muralitharan 9.0 0.0 0.0 20.0 0.0 0.0 42.0 0.0 0.0 30.0
L_Ablish 1.0 0.0 0.0 0.0 0.0 0.0 0.0 0.0 0.0 2.0
AUK_Pathan 7.0 14.0 11.0 14.0 68.0 45.0 50.0 6.0 8.0 12.0
A_Mithun 6.0 0.0 14.0 20.0 0.0 40.0 76.0 0.0 11.0 15.0
Sunny_Singh 5.0 15.0 21.0 7.0 53.0 75.0 19.0 8.0 14.0 9.0
MM_Sharma 13.0 0.0 14.0 47.0 0.0 38.0 173.0 0.0 15.0 38.0
B_Laughlin 2.0 0.0 1.0 3.0 0.0 1.0 3.0 0.0 2.0 7.0
P_Suyal 0.0 0.0 0.0 0.0 0.0 0.0 0.0 0.0 0.0 0.0
KH_Pandya 8.0 21.0 120.0 96.0 89.0 492.0 348.0 14.0 57.0 56.0
Sachin_Baby 7.0 0.0 27.0 95.0 0.0 77.0 327.0 3.0 23.0 63.0
CJ_Jordan 1.0 0.0 0.0 3.0 0.0 0.0 5.0 0.0 0.0 4.0
N_Rana 3.0 13.0 64.0 27.0 55.0 270.0 107.0 13.0 52.0 13.0
JC_Buttler 14.0 16.0 94.0 145.0 54.0 214.0 621.0 24.0 95.0 70.0
P_Negi 19.0 0.0 32.0 177.0 0.0 110.0 593.0 3.0 40.0 127.0
KP_Pietersen 36.0 392.0 446.0 163.0 1380.0 1432.0 621.0 301.0 366.0 91.0
GB_Hogg 4.0 0.0 0.0 22.0 0.0 0.0 38.0 0.0 0.0 22.0
FH_Edwards 2.0 0.0 0.0 4.0 0.0 0.0 10.0 0.0 0.0 5.0
SB_Styris 10.0 8.0 73.0 50.0 8.0 191.0 152.0 13.0 82.0 39.0
M_Kartik 14.0 0.0 23.0 90.0 0.0 51.0 198.0 0.0 26.0 83.0
BE_Hendricks 2.0 0.0 0.0 1.0 0.0 0.0 1.0 0.0 0.0 3.0
SN_Khan 11.0 0.0 20.0 157.0 0.0 64.0 545.0 0.0 18.0 85.0
MDKJ_Perera 2.0 14.0 0.0 0.0 50.0 0.0 0.0 13.0 0.0 0.0
R_Sharma 19.0 0.0 0.0 66.0 0.0 0.0 230.0 0.0 0.0 77.0
MR_Marsh 14.0 0.0 58.0 167.0 0.0 126.0 649.0 0.0 74.0 127.0
DH_Yagnik 17.0 0.0 61.0 109.0 0.0 195.0 333.0 0.0 58.0 84.0
Harmeet_Singh_(2) 0.0 0.0 0.0 0.0 0.0 0.0 0.0 0.0 0.0 0.0
S_Kaul 2.0 0.0 0.0 9.0 0.0 0.0 15.0 0.0 0.0 11.0
LJ_Wright 5.0 8.0 3.0 95.0 38.0 3.0 351.0 9.0 7.0 47.0
RV_Gomez 9.0 0.0 0.0 50.0 0.0 0.0 148.0 1.0 3.0 49.0
WD_Parnell 12.0 11.0 3.0 49.0 35.0 5.0 111.0 15.0 2.0 63.0
BJ_Rohrer 8.0 0.0 108.0 85.0 0.0 288.0 341.0 1.0 104.0 41.0
CM_Gautam 13.0 68.0 40.0 61.0 272.0 136.0 179.0 64.0 44.0 50.0
RT_Ponting 9.0 45.0 46.0 0.0 107.0 116.0 0.0 75.0 54.0 0.0
DP_Nannes 2.0 0.0 1.0 3.0 0.0 1.0 3.0 0.0 2.0 11.0
AS_Rajpoot 1.0 0.0 0.0 2.0 0.0 0.0 4.0 0.0 0.0 6.0
RJ_Quiney 7.0 65.0 37.0 1.0 213.0 133.0 1.0 74.0 28.0 3.0
GC_Smith 29.0 374.0 282.0 83.0 1120.0 828.0 273.0 401.0 236.0 54.0
CA_Pujara 22.0 215.0 119.0 56.0 681.0 293.0 172.0 236.0 113.0 54.0
R_Rampaul 7.0 0.0 5.0 46.0 0.0 5.0 154.0 0.0 10.0 42.0
JD_Unadkat 4.0 0.0 0.0 3.0 0.0 0.0 3.0 0.0 0.0 8.0
J_Syed_Mohammad 5.0 0.0 9.0 20.0 0.0 23.0 56.0 0.0 11.0 16.0
MJ_Guptill 3.0 23.0 34.0 0.0 73.0 124.0 0.0 29.0 24.0 2.0
RR_Pant 10.0 43.0 125.0 30.0 125.0 395.0 118.0 40.0 93.0 22.0
IC_Pandey 1.0 0.0 0.0 0.0 0.0 0.0 0.0 0.0 0.0 2.0
F_du_Plessis 45.0 500.0 567.0 220.0 1854.0 1425.0 654.0 360.0 507.0 169.0
C_Nanda 1.0 0.0 0.0 0.0 0.0 0.0 0.0 0.0 0.0 1.0
YV_Takawale 10.0 121.0 42.0 29.0 411.0 116.0 111.0 137.0 33.0 13.0
L_Balaji 13.0 0.0 0.0 36.0 0.0 0.0 100.0 0.0 0.0 50.0
WPUJC_Vaas 11.0 0.0 7.0 74.0 0.0 7.0 210.0 0.0 10.0 63.0
Jaskaran_Singh 4.0 0.0 0.0 8.0 0.0 0.0 12.0 0.0 0.0 11.0
RE_van_der_Merwe 15.0 36.0 60.0 63.0 136.0 196.0 219.0 37.0 52.0 55.0
Mohammed_Shami 7.0 0.0 1.0 9.0 0.0 1.0 11.0 0.0 1.0 21.0
MS_Bisla 39.0 474.0 265.0 59.0 1680.0 797.0 217.0 460.0 233.0 44.0
SW_Tait 5.0 0.0 1.0 22.0 0.0 1.0 64.0 0.0 1.0 25.0
R_Shukla 4.0 0.0 0.0 19.0 0.0 0.0 43.0 0.0 0.0 23.0
T_Thushara 4.0 0.0 0.0 12.0 0.0 0.0 18.0 0.0 0.0 19.0
SM_Katich 11.0 145.0 75.0 21.0 541.0 231.0 57.0 110.0 64.0 17.0
LA_Pomersbach 16.0 104.0 95.0 103.0 374.0 299.0 361.0 81.0 95.0 75.0
SE_Bond 1.0 0.0 1.0 0.0 0.0 1.0 0.0 0.0 1.0 1.0
P_Dogra 12.0 0.0 45.0 82.0 0.0 125.0 226.0 0.0 56.0 85.0
Kamran_Khan 1.0 0.0 0.0 3.0 0.0 0.0 5.0 0.0 0.0 5.0
DP_Vijaykumar 1.0 0.0 0.0 1.0 0.0 0.0 1.0 0.0 0.0 1.0
DJ_Thornely 4.0 4.0 35.0 0.0 4.0 119.0 0.0 21.0 33.0 0.0
CRD_Fernando 2.0 0.0 0.0 4.0 0.0 0.0 6.0 0.0 0.0 3.0
LPC_Silva 3.0 9.0 8.0 23.0 33.0 20.0 83.0 8.0 9.0 10.0
H_Das 1.0 0.0 0.0 2.0 0.0 0.0 2.0 0.0 0.0 5.0
KP_Appanna 3.0 0.0 0.0 2.0 0.0 0.0 2.0 0.0 0.0 4.0
JO_Holder 5.0 0.0 0.0 38.0 0.0 0.0 150.0 0.0 0.0 32.0
AC_Thomas 4.0 0.0 0.0 20.0 0.0 0.0 64.0 0.0 0.0 19.0
SB_Wagh 2.0 0.0 0.0 2.0 0.0 0.0 4.0 0.0 0.0 3.0
JD_Ryder 29.0 440.0 113.0 51.0 1588.0 317.0 175.0 334.0 97.0 35.0
M_Manhas 38.0 46.0 183.0 285.0 156.0 455.0 813.0 55.0 202.0 229.0
MD_Mishra 17.0 129.0 79.0 29.0 439.0 253.0 101.0 128.0 64.0 21.0
SMSM_Senanayake 4.0 0.0 0.0 10.0 0.0 0.0 12.0 0.0 0.0 17.0
S_Ladda 2.0 0.0 0.0 0.0 0.0 0.0 0.0 0.0 2.0 8.0
X_Thalaivan_Sargunam 1.0 0.0 8.0 2.0 0.0 10.0 4.0 0.0 14.0 3.0
Mashrafe_Mortaza 1.0 0.0 0.0 2.0 0.0 0.0 4.0 0.0 0.0 2.0
YA_Abdulla 1.0 0.0 0.0 0.0 0.0 0.0 0.0 0.0 0.0 1.0
SM_Pollock 8.0 1.0 63.0 83.0 1.0 201.0 333.0 6.0 58.0 52.0
Misbah-ul-Haq 8.0 27.0 41.0 49.0 105.0 113.0 211.0 19.0 38.0 25.0
B_Akhil 11.0 0.0 12.0 64.0 0.0 28.0 268.0 0.0 13.0 44.0
A_Kumble 15.0 0.0 0.0 35.0 0.0 0.0 73.0 0.0 3.0 46.0
PJ_Cummins 1.0 0.0 0.0 0.0 0.0 0.0 0.0 0.0 0.0 2.0
SJ_Srivastava 4.0 0.0 0.0 5.0 0.0 0.0 7.0 0.0 0.0 5.0
RS_Bopara 22.0 130.0 196.0 205.0 378.0 510.0 687.0 153.0 182.0 133.0
Shakib_Al_Hasan 31.0 5.0 167.0 327.0 5.0 445.0 1091.0 15.0 170.0 215.0
CJ_Anderson 15.0 42.0 230.0 107.0 162.0 884.0 391.0 52.0 160.0 72.0
SA_Asnodkar 19.0 278.0 145.0 0.0 1028.0 401.0 0.0 216.0 135.0 1.0
M_Rawat 11.0 0.0 5.0 50.0 0.0 5.0 132.0 2.0 9.0 59.0
MP_Stoinis 5.0 38.0 52.0 56.0 122.0 156.0 172.0 37.0 41.0 33.0
P_Sahu 2.0 0.0 0.0 19.0 0.0 0.0 65.0 0.0 0.0 13.0
Ishan_Kishan 5.0 0.0 25.0 17.0 0.0 65.0 43.0 0.0 21.0 20.0
M_Klinger 4.0 50.0 23.0 0.0 142.0 49.0 0.0 50.0 28.0 0.0
CR_Brathwaite 6.0 0.0 6.0 77.0 0.0 36.0 363.0 0.0 5.0 35.0
S_Narwal 4.0 0.0 12.0 25.0 0.0 38.0 75.0 0.0 10.0 19.0
SW_Billings 4.0 0.0 67.0 21.0 0.0 191.0 87.0 1.0 50.0 15.0
Anirudh_Singh 4.0 18.0 30.0 15.0 56.0 86.0 33.0 22.0 31.0 16.0
ND_Doshi 1.0 0.0 0.0 0.0 0.0 0.0 0.0 0.0 0.0 13.0
JE_Taylor 2.0 0.0 0.0 3.0 0.0 0.0 5.0 0.0 0.0 4.0
TD_Paine 2.0 10.0 0.0 0.0 10.0 0.0 0.0 29.0 0.0 0.0
Harpreet_Singh 3.0 0.0 4.0 16.0 0.0 4.0 20.0 0.0 8.0 18.0
J_Yadav 2.0 0.0 0.0 6.0 0.0 0.0 6.0 0.0 0.0 12.0
BB_Sran 3.0 0.0 0.0 4.0 0.0 0.0 4.0 0.0 0.0 4.0
Mustafizur_Rahman 0.0 0.0 0.0 0.0 0.0 0.0 0.0 0.0 0.0 0.0
AA_Noffke 1.0 0.0 9.0 0.0 0.0 21.0 0.0 0.0 12.0 0.0
Mohammad_Hafeez 8.0 28.0 20.0 16.0 106.0 50.0 52.0 37.0 32.0 15.0
CK_Langeveldt 2.0 0.0 0.0 8.0 0.0 0.0 38.0 0.0 0.0 9.0
KB_Arun_Karthik 8.0 0.0 21.0 30.0 0.0 69.0 72.0 0.0 18.0 35.0
RG_More 1.0 0.0 0.0 2.0 0.0 0.0 2.0 0.0 0.0 2.0
Ankit_Sharma 9.0 27.0 7.0 28.0 107.0 11.0 102.0 23.0 8.0 22.0
S_Badree 0.0 0.0 0.0 0.0 0.0 0.0 0.0 0.0 0.0 0.0
V_Shankar 0.0 0.0 0.0 0.0 0.0 0.0 0.0 0.0 0.0 0.0
RE_Levi 6.0 62.0 21.0 0.0 230.0 93.0 0.0 58.0 16.0 0.0
T_Henderson 2.0 2.0 9.0 0.0 4.0 39.0 0.0 10.0 6.0 0.0
Niraj_Patel 6.0 45.0 36.0 40.0 143.0 80.0 120.0 59.0 38.0 27.0
KS_Williamson 8.0 12.0 79.0 64.0 30.0 189.0 160.0 23.0 81.0 51.0
NJ_Maddinson 3.0 20.0 0.0 0.0 74.0 0.0 0.0 21.0 0.0 0.0
Bipul_Sharma 14.0 0.0 10.0 146.0 0.0 24.0 508.0 0.0 8.0 91.0
Anand_Rajan 0.0 0.0 0.0 0.0 0.0 0.0 0.0 0.0 0.0 0.0
S_Kaushik 1.0 0.0 0.0 0.0 0.0 0.0 0.0 0.0 0.0 1.0
R_Bishnoi 3.0 18.0 0.0 1.0 90.0 0.0 1.0 14.0 1.0 2.0
TA_Boult 0.0 0.0 0.0 0.0 0.0 0.0 0.0 0.0 0.0 0.0
P_Amarnath 0.0 0.0 0.0 0.0 0.0 0.0 0.0 0.0 0.0 0.0
S_Rana 8.0 20.0 1.0 70.0 76.0 1.0 172.0 23.0 2.0 57.0
CJ_Ferguson 8.0 17.0 55.0 26.0 43.0 119.0 64.0 24.0 66.0 29.0
SP_Fleming 10.0 120.0 76.0 0.0 408.0 236.0 0.0 113.0 58.0 0.0
M_Ntini 2.0 0.0 0.0 11.0 0.0 0.0 37.0 0.0 0.0 19.0
K_Santokie 0.0 0.0 0.0 0.0 0.0 0.0 0.0 0.0 0.0 0.0
S_Gopal 3.0 0.0 2.0 12.0 0.0 2.0 24.0 0.0 16.0 11.0
Shivam_Sharma 2.0 0.0 0.0 5.0 0.0 0.0 17.0 0.0 0.0 3.0
CA_Lynn 5.0 32.0 45.0 12.0 102.0 171.0 20.0 32.0 39.0 14.0
Abdur_Razzak 1.0 0.0 0.0 0.0 0.0 0.0 0.0 0.0 0.0 2.0
J_Arunkumar 3.0 23.0 0.0 0.0 83.0 0.0 0.0 24.0 0.0 0.0
Sohail_Tanvir 5.0 13.0 5.0 18.0 55.0 17.0 34.0 8.0 7.0 16.0
DT_Patil 2.0 0.0 9.0 4.0 0.0 13.0 16.0 0.0 12.0 1.0
RS_Gavaskar 1.0 0.0 2.0 0.0 0.0 2.0 0.0 0.0 8.0 0.0
P_Parameswaran 2.0 0.0 0.0 1.0 0.0 0.0 1.0 0.0 0.0 3.0
V_Pratap_Singh 1.0 0.0 0.0 0.0 0.0 0.0 0.0 0.0 0.0 1.0
KAJ_Roach 1.0 0.0 0.0 10.0 0.0 0.0 24.0 0.0 0.0 9.0
JJ_van_der_Wath 3.0 0.0 4.0 14.0 0.0 6.0 56.0 0.0 4.0 13.0
R_Ninan 1.0 0.0 0.0 3.0 0.0 0.0 3.0 0.0 0.0 6.0
A_Flintoff 3.0 14.0 17.0 31.0 62.0 31.0 99.0 15.0 20.0 22.0
MJ_Clarke 6.0 76.0 22.0 0.0 236.0 36.0 0.0 64.0 32.0 0.0
M_de_Lange 1.0 0.0 0.0 1.0 0.0 0.0 1.0 0.0 0.0 2.0
S_Vidyut 8.0 103.0 41.0 1.0 365.0 137.0 1.0 81.0 29.0 5.0
SA_Abbott 2.0 0.0 0.0 15.0 0.0 0.0 59.0 0.0 0.0 13.0
KC_Cariappa 2.0 0.0 12.0 1.0 0.0 42.0 1.0 0.0 8.0 3.0
AC_Blizzard 7.0 99.0 21.0 0.0 347.0 95.0 0.0 77.0 14.0 0.0
MN_Samuels 10.0 9.0 92.0 31.0 21.0 284.0 91.0 24.0 97.0 21.0
KMDN_Kulasekara 1.0 0.0 0.0 5.0 0.0 0.0 17.0 0.0 0.0 3.0
Umar_Gul 4.0 0.0 0.0 39.0 0.0 0.0 201.0 0.0 0.0 19.0
TM_Head 3.0 0.0 2.0 52.0 0.0 2.0 162.0 0.0 6.0 36.0
MN_van_Wyk 5.0 28.0 69.0 70.0 94.0 163.0 198.0 27.0 58.0 50.0
Yashpal_Singh 4.0 17.0 10.0 20.0 47.0 12.0 58.0 37.0 12.0 18.0
SS_Sarkar 0.0 0.0 0.0 0.0 0.0 0.0 0.0 0.0 0.0 0.0
MS_Wade 3.0 2.0 20.0 0.0 2.0 28.0 0.0 7.0 26.0 0.0
AD_Nath 3.0 0.0 7.0 13.0 0.0 9.0 29.0 0.0 10.0 17.0
B_Geeves 0.0 0.0 0.0 0.0 0.0 0.0 0.0 0.0 0.0 0.0
A_Nel 0.0 0.0 0.0 0.0 0.0 0.0 0.0 0.0 0.0 0.0
KJ_Abbott 3.0 0.0 0.0 13.0 0.0 0.0 51.0 0.0 1.0 7.0
HM_Amla 6.0 86.0 39.0 32.0 300.0 103.0 122.0 76.0 30.0 16.0
F_Behardien 3.0 0.0 0.0 14.0 0.0 0.0 38.0 0.0 1.0 12.0
CK_Kapugedera 3.0 0.0 0.0 16.0 0.0 0.0 20.0 0.0 2.0 22.0
K_Upadhyay 2.0 0.0 0.0 12.0 0.0 0.0 44.0 0.0 0.0 9.0
MB_Parmar 0.0 0.0 0.0 0.0 0.0 0.0 0.0 0.0 0.0 0.0
AB_McDonald 9.0 30.0 10.0 83.0 138.0 10.0 227.0 19.0 14.0 70.0
DAJ_Bracewell 1.0 0.0 0.0 12.0 0.0 0.0 26.0 0.0 0.0 9.0
RR_Rossouw 5.0 20.0 9.0 24.0 76.0 13.0 96.0 23.0 14.0 14.0
BCJ_Cutting 5.0 0.0 8.0 65.0 0.0 22.0 315.0 0.0 7.0 36.0
A_Mukund 2.0 14.0 5.0 0.0 28.0 7.0 0.0 16.0 6.0 1.0
NS_Naik 2.0 0.0 9.0 14.0 0.0 23.0 18.0 0.0 11.0 22.0
ER_Dwivedi 2.0 5.0 0.0 19.0 17.0 0.0 91.0 6.0 0.0 9.0
T_Shamsi 0.0 0.0 0.0 0.0 0.0 0.0 0.0 0.0 0.0 0.0
SS_Mundhe 0.0 0.0 0.0 0.0 0.0 0.0 0.0 0.0 0.0 0.0
CA_Ingram 3.0 7.0 14.0 0.0 19.0 28.0 0.0 12.0 14.0 0.0
SS_Shaikh 1.0 0.0 6.0 0.0 0.0 18.0 0.0 0.0 7.0 0.0
PD_Collingwood 7.0 26.0 90.0 87.0 96.0 266.0 365.0 19.0 90.0 50.0
Sunny_Gupta 1.0 0.0 0.0 0.0 0.0 0.0 0.0 0.0 0.0 1.0
AP_Majumdar 4.0 21.0 60.0 6.0 71.0 166.0 8.0 15.0 54.0 8.0
Swapnil_Singh 1.0 0.0 0.0 0.0 0.0 0.0 0.0 0.0 0.0 1.0
PM_Sarvesh_Kumar 1.0 0.0 0.0 1.0 0.0 0.0 1.0 0.0 0.0 2.0
RW_Price 0.0 0.0 0.0 0.0 0.0 0.0 0.0 0.0 0.0 0.0
A_Uniyal 2.0 0.0 0.0 4.0 0.0 0.0 4.0 0.0 0.0 7.0
TM_Srivastava 3.0 0.0 0.0 8.0 0.0 0.0 14.0 0.0 0.0 11.0
DR_Martyn 1.0 1.0 12.0 6.0 1.0 12.0 18.0 3.0 16.0 7.0
S_Chanderpaul 3.0 25.0 0.0 0.0 73.0 0.0 0.0 33.0 0.0 0.0
T_Kohli 3.0 7.0 0.0 4.0 37.0 0.0 4.0 13.0 0.0 7.0
PSP_Handscomb 1.0 0.0 6.0 0.0 0.0 6.0 0.0 0.0 12.0 0.0
SM_Boland 0.0 0.0 0.0 0.0 0.0 0.0 0.0 0.0 0.0 0.0
M_Ashwin 1.0 0.0 0.0 0.0 0.0 0.0 0.0 0.0 0.0 1.0
C_Ganapathy 0.0 0.0 0.0 0.0 0.0 0.0 0.0 0.0 0.0 0.0
VH_Zol 2.0 22.0 7.0 0.0 80.0 19.0 0.0 21.0 5.0 0.0
DL_Chahar 0.0 0.0 0.0 0.0 0.0 0.0 0.0 0.0 0.0 0.0
A_Zampa 1.0 0.0 0.0 0.0 0.0 0.0 0.0 0.0 0.0 1.0
UT_Khawaja 6.0 107.0 20.0 0.0 367.0 36.0 0.0 79.0 26.0 0.0
AS_Yadav 6.0 0.0 4.0 45.0 0.0 4.0 169.0 0.0 7.0 33.0
C_Munro 3.0 24.0 2.0 4.0 64.0 2.0 6.0 22.0 3.0 6.0
Kuldeep_Yadav 0.0 0.0 0.0 0.0 0.0 0.0 0.0 0.0 0.0 0.0
B_Sumanth 4.0 0.0 8.0 27.0 0.0 22.0 55.0 0.0 8.0 30.0
JW_Hastings 0.0 0.0 0.0 0.0 0.0 0.0 0.0 0.0 0.0 0.0
AN_Ghosh 2.0 7.0 0.0 0.0 21.0 0.0 0.0 7.0 1.0 0.0
BR_Dunk 3.0 40.0 0.0 0.0 130.0 0.0 0.0 36.0 0.0 0.0
JDS_Neesham 3.0 0.0 24.0 18.0 0.0 58.0 64.0 0.0 21.0 25.0
R_Tewatia 1.0 0.0 7.0 9.0 0.0 11.0 41.0 0.0 7.0 6.0
VS_Yeligati 1.0 0.0 0.0 2.0 0.0 0.0 4.0 0.0 0.0 2.0
MC_Juneja 7.0 20.0 78.0 27.0 58.0 158.0 85.0 18.0 93.0 23.0
L_Ronchi 5.0 34.0 0.0 0.0 136.0 0.0 0.0 37.0 0.0 0.0
AA_Bilakhia 7.0 23.0 10.0 36.0 55.0 12.0 80.0 33.0 21.0 34.0
DJ_Harris 4.0 57.0 54.0 0.0 183.0 214.0 0.0 66.0 37.0 0.0
TP_Sudhindra 0.0 0.0 0.0 0.0 0.0 0.0 0.0 0.0 0.0 0.0
D_du_Preez 1.0 0.0 0.0 10.0 0.0 0.0 14.0 0.0 0.0 13.0
NL_McCullum 2.0 0.0 5.0 21.0 0.0 13.0 57.0 0.0 4.0 19.0
LA_Carseldine 5.0 38.0 18.0 25.0 132.0 38.0 63.0 36.0 18.0 17.0
SM_Harwood 2.0 0.0 0.0 9.0 0.0 0.0 13.0 0.0 0.0 14.0
MA_Khote 3.0 0.0 2.0 22.0 0.0 2.0 78.0 0.0 2.0 20.0
U_Kaul 1.0 0.0 0.0 0.0 0.0 0.0 0.0 0.0 0.0 1.0
Y_Gnaneswara_Rao 1.0 15.0 4.0 0.0 41.0 16.0 0.0 13.0 5.0 0.0
RR_Bose 0.0 0.0 0.0 0.0 0.0 0.0 0.0 0.0 0.0 0.0
SN_Thakur 1.0 0.0 0.0 7.0 0.0 0.0 19.0 0.0 0.0 6.0
P_Prasanth 0.0 0.0 0.0 0.0 0.0 0.0 0.0 0.0 0.0 0.0
RJ_Peterson 5.0 0.0 13.0 19.0 0.0 27.0 73.0 0.0 14.0 18.0
Younis_Khan 1.0 3.0 0.0 0.0 3.0 0.0 0.0 7.0 0.0 0.0
S_Sriram 2.0 13.0 18.0 0.0 37.0 34.0 0.0 12.0 26.0 0.0
AB_Barath 3.0 18.0 22.0 2.0 72.0 60.0 2.0 14.0 24.0 5.0
GS_Sandhu 0.0 0.0 0.0 0.0 0.0 0.0 0.0 0.0 0.0 0.0
NJ_Rimmington 1.0 0.0 0.0 1.0 0.0 0.0 1.0 0.0 0.0 1.0
AF_Milne 0.0 0.0 0.0 0.0 0.0 0.0 0.0 0.0 0.0 0.0
Mohammad_Ashraful 1.0 2.0 0.0 0.0 2.0 0.0 0.0 12.0 0.0 0.0
RA_Shaikh 0.0 0.0 0.0 0.0 0.0 0.0 0.0 0.0 0.0 0.0
UA_Birla 1.0 6.0 1.0 0.0 18.0 1.0 0.0 9.0 6.0 0.0
CJ_McKay 1.0 0.0 6.0 2.0 0.0 6.0 4.0 0.0 11.0 4.0
GR_Napier 1.0 0.0 8.0 7.0 0.0 14.0 19.0 0.0 10.0 6.0
C_Madan 1.0 15.0 0.0 0.0 51.0 0.0 0.0 21.0 0.0 0.0
RS_Sodhi 1.0 0.0 0.0 4.0 0.0 0.0 16.0 0.0 0.0 2.0
AA_Kazi 0.0 0.0 0.0 0.0 0.0 0.0 0.0 0.0 0.0 0.0
RR_Bhatkal 1.0 0.0 0.0 0.0 0.0 0.0 0.0 0.0 0.0 2.0
MG_Neser 0.0 0.0 0.0 0.0 0.0 0.0 0.0 0.0 0.0 0.0
BJ_Haddin 1.0 18.0 0.0 0.0 74.0 0.0 0.0 11.0 0.0 0.0
